0 Untitled Model
0 Name:  Conveyor_001
0 Author: 
0 CustomBrick
0 NumOfBricks:  62
1 72 -67 -51.5543 -26.4457 0 0 -1 -1 0 0 0 1 0 57518.dat
1 72 -37 -51.3043 -26.4457 0 0 -1 -1 0 0 0 1 0 57518.dat
1 72 -7 -51.0543 -26.4457 0 0 -1 -1 0 0 0 1 0 57518.dat
1 72 23 -51.0543 -26.4457 0 0 -1 -1 0 0 0 1 0 57518.dat
1 72 52.9999 -51 -26.4 0 0 -1 -1.000002 0 0 0 1.000002 0 57518.dat
1 72 82.9999 -50.8443 -26.4457 0 0 -1 -1.000002 0 0 0 1.000002 0 57518.dat
1 72 113 -50.8443 -26.4457 0 0 -1 -1.000002 0 0 0 1.000002 0 57518.dat
1 72 143 -50.5942 -26.4457 0 -0.258818 -0.965926 -1 0 0 0 0.965926 -0.258818 57518.dat
1 72 171.9778 -50.3442 -18.6812 0 -0.642059 -0.766656 -1 0 0 0 0.766656 -0.642059 57518.dat
1 72 143.0001 -50 40.3525 -0.999999 -0.000001 0 0 0 1 -0.000001 0.999999 0 42529.dat
1 72 194.9775 -50.0942 0.5806 0 -0.86555 -0.500824 -1 0 0 0 0.500824 -0.86555 57518.dat
1 72 210.0022 -49.8442 26.547 0 -1 -0.000951 -1 0 0 0 0.000951 -1 57518.dat
1 72 210.0307 -49.5942 56.3187 0 -0.87462 0.48481 -1 0 0 0 -0.48481 -0.87462 57518.dat
1 72 195.3757 -49.2342 82.757 0 -0.699663 0.714472 -1 0 0 0 -0.714472 -0.699663 57518.dat
1 72 173.9416 -48.9842 103.7469 0 -0.224951 0.974369 -1 0 0 0 -0.974369 -0.224951 57518.dat
1 72 114.0124 -49.75 110.8529 0 0.003491 0.999994 -1 0 0 0 -0.999994 0.003491 57518.dat
1 72 84.0126 -49.5 110.7482 0 0.003491 0.999994 -1 0 0 0 -0.999994 0.003491 57518.dat
1 72 -425.9962 -46.2499 108.8958 0 0 1 -1 -0.000001 0 0.000001 -1 0 57518.dat
1 72 54.0128 -49.25 110.6435 0 0 1 -1 0 0 0 -1 0 57518.dat
1 72 24.0128 -49.25 110.6434 0 0 0.999999 -1 0 0 0 -1.000002 0 57518.dat
1 72 -5.9876 -48.96 109.6434 0 0 0.999999 -0.999998 0 0 0 -1 0 57518.dat
1 72 -35.9872 -48.71 109.6434 0 0 0.999999 -0.999998 0 0 0 -1 0 57518.dat
1 72 -65.9871 -48.46 109.6434 0 0 0.999999 -0.999998 0 0 0 -1 0 57518.dat
1 72 -95.9871 -48.21 109.6434 0 0 1 -1 0 0 0 -1 0 57518.dat
1 72 -125.987 -48 109.6441 0 0 0.999995 -1.000002 0 0 0 -1.000012 0 57518.dat
1 72 -155.987 -48 109.644 0 0 0.999995 -1.000002 0 0 0 -1.000012 0 57518.dat
1 72 144.0122 -50 110.9576 0 0.003491 0.999994 -1 0 0 0 -0.999994 0.003491 57518.dat
1 72 -217.0007 -50.8543 -26.4457 0 0 -1 -0.999998 0 0 0 0.999998 0 57518.dat
1 72 -186.9996 -50.6043 -26.4456 0 0 -1 -0.999998 0 0 0 0.999998 0 57518.dat
1 72 -156.9996 -50.3543 -26.4456 0 0 -1 -0.999998 0 0 0 0.999998 0 57518.dat
1 72 -126.9999 -50.3543 -26.4456 0 0 -1 -0.999998 0 0 0 0.999998 0 57518.dat
1 72 -97 -51.1443 -26.4457 0 0 -1 -1 0 0 0 1 0 57518.dat
1 72 -185.9868 -47 109.644 0 0 0.999995 -1 -0.000001 0 0 -1.00001 0 57518.dat
1 72 -215.9983 -46.71 108.6863 0 0 0.999995 -0.999998 -0.000001 0 0 -1.000009 0 57518.dat
1 72 -245.998 -46.46 108.6862 0 0 0.999995 -0.999998 -0.000001 0 0 -1.000009 0 57518.dat
1 72 -275.9989 -46.21 108.6863 0 0 0.999995 -0.999998 -0.000001 0 0 -1.000009 0 57518.dat
1 72 -305.9987 -46.21 108.6862 0 0 0.999995 -0.999998 -0.000001 0 0 -1.000009 0 57518.dat
1 72 -335.9983 -47 108.6863 0 0 0.999995 -1 -0.000001 0 0 -1.000011 0 57518.dat
1 72 -277.0019 -50.1043 -26.446 0 0 -1 -1 0 0 0 1 0 57518.dat
1 72 -247.0007 -49.8543 -26.4457 0 0 -1 -1 0 0 0 1 0 57518.dat
1 72 -428.469 -46.8457 -26.3363 0 0.003491 -0.999994 -1 -0.000001 0 0 0.999994 0.00349 57518.dat
1 72 -367.0014 -47.9043 -26.4457 0 0 -1 -0.999998 0 0 0 0.999998 0 57518.dat
1 72 -337.0016 -48.9043 -26.4456 0 0 -1 -0.999998 0 0 0 0.999998 0 57518.dat
1 72 -307.0017 -49.6943 -26.4457 0 0 -1 -1 0 0 0 1 0 57518.dat
1 72 -365.9967 -46.7499 108.6863 0 -0.003491 0.999989 -1 0 0 0 -1.000004 -0.003491 57518.dat
1 72 -395.9963 -46.4999 108.791 0 -0.003491 0.999994 -1 0 0 0 -0.999994 -0.003491 57518.dat
1 72 -455.9962 -47.6899 108.8957 0 -0.003491 0.999994 -1 0 0 0 -0.999994 -0.003491 57518.dat
1 72 -485.9953 -47.6899 108.9997 0 -0.003491 0.999994 -1 0 0 0 -0.999994 -0.003491 57518.dat
1 72 -515.9954 -47.4399 109.1045 0 0.255445 0.966824 -0.999998 0 0 0 -0.966822 0.255444 57518.dat
1 72 -545.0001 -47.1899 101.4411 0 0.639379 0.768893 -0.999998 0 0 0 -0.768891 0.639378 57518.dat
1 72 -515.9863 -46.8457 42.3173 0.999999 0 0 0 0 0.999998 0 -0.999997 0 42529.dat
1 72 -568.0669 -46.9399 82.2599 0 0.863796 0.503842 -0.999998 0 0 0 -0.503841 0.863795 57518.dat
1 72 -583.1821 -46.6899 56.3466 0 0.99999 0.004442 -0.999998 0 0 0 -0.004442 0.999989 57518.dat
1 72 -583.3146 -46.4399 26.5753 0 0.876307 -0.481753 -0.999998 0 0 0 0.481753 0.876305 57518.dat
1 72 -568.7521 -46.0799 0.0859 0 0.702153 -0.712025 -0.999998 0 0 0 0.712024 0.702152 57518.dat
1 72 -547.3912 -45.8299 -20.9785 0 0.228351 -0.973578 -0.999998 0 0 0 0.973576 0.22835 57518.dat
1 72 -488.4684 -46.0957 -26.3362 0 0 -1 -0.999998 0 0 0 0.999998 0 57518.dat
1 72 -458.4691 -45.8457 -26.3363 0 0 -1 -0.999998 0 0 0 0.999998 0 57518.dat
1 72 -517.4751 -45.8457 -28.3361 0 0 -1 -0.999998 0 0 0 0.999998 0 57518.dat
1 72 -398.0013 -47.9043 -26.3375 0 0.00349 -0.999994 -1 -0.000001 0 -0.000001 0.999994 0.00349 57518.dat
1 7 10 -32 -50 0 0 1 0 1 0 -1 0 0 6562.dat
1 7 10 -51.7021 -45.3029 1 0 0 0 0 -1 0 1 0 11478.dat
1 7 9.8273 -31.3068 -79.7839 1 0 0 0 1 0 0 0 1 26287.dat
1 7 9.8273 -71.1302 -79.7839 1 0 0 0 1 0 0 0 1 26287.dat
1 7 -109.637 -70.7865 -110.1732 0 0 -1 0 1 0 1 0 0 55013.dat
1 7 -109.637 -30.7865 -110.1732 0 0 -1 0 1 0 1 0 0 55013.dat
1 7 -230 -70 -70 0 0 -1 0 1 0 1 0 0 87083.dat
1 7 -230 -30 -70 0 0 -1 0 1 0 1 0 0 87083.dat
