0 FILE alv_42529.part
0 Description: Technic Tread Sprocket Wheel Extra Large
0 Name: 
0 Author: Alessandro Varesi
0 BL_Item_No 42529
0 BFC CERTIFY CCW
1 16 0.0000 -70.3527 0.0000 1.0000 0.0000 0.0000 0.0000 1.0000 0.0000 0.0000 0.0000 1.0000 42529.dat_
0 NOFILE
0 FILE 42529.dat_
0 Description: Technic Tread Sprocket Wheel Extra Large
0 Name: 
0 Author: Philippe Hurbain [Philo]
0 ModelType: Part
0 BFC CERTIFY CCW
3 16 40.305 -40.305 -8.000 -40.305 -40.305 -8.000 -31.000 -31.000 -8.000
3 16 -31.000 -31.000 -8.000 31.000 -31.000 -8.000 40.305 -40.305 -8.000
3 16 31.000 31.000 -8.000 37.000 6.000 -8.000 37.000 -6.000 -8.000
3 16 37.000 -6.000 -8.000 31.000 -31.000 -8.000 31.000 31.000 -8.000
3 16 37.000 -6.000 -8.000 49.000 -6.000 -8.000 40.305 -40.305 -8.000
3 16 40.305 -40.305 -8.000 31.000 -31.000 -8.000 37.000 -6.000 -8.000
3 16 49.000 -6.000 -8.000 49.000 6.000 -8.000 57.000 0.000 -8.000
3 16 49.000 -6.000 -8.000 57.000 0.000 -8.000 40.305 -40.305 -8.000
3 16 37.000 6.000 -8.000 31.000 31.000 -8.000 40.305 40.305 -8.000
3 16 40.305 40.305 -8.000 49.000 6.000 -8.000 37.000 6.000 -8.000
3 16 57.000 0.000 -8.000 49.000 6.000 -8.000 40.305 40.305 -8.000
3 16 -40.305 40.305 -8.000 40.305 40.305 -8.000 31.000 31.000 -8.000
3 16 31.000 31.000 -8.000 -31.000 31.000 -8.000 -40.305 40.305 -8.000
3 16 -31.000 -31.000 -8.000 -37.000 -6.000 -8.000 -37.000 6.000 -8.000
3 16 -37.000 6.000 -8.000 -31.000 31.000 -8.000 -31.000 -31.000 -8.000
3 16 -37.000 6.000 -8.000 -49.000 6.000 -8.000 -40.305 40.305 -8.000
3 16 -40.305 40.305 -8.000 -31.000 31.000 -8.000 -37.000 6.000 -8.000
3 16 -49.000 6.000 -8.000 -49.000 -6.000 -8.000 -57.000 0.000 -8.000
3 16 -49.000 6.000 -8.000 -57.000 0.000 -8.000 -40.305 40.305 -8.000
3 16 -37.000 -6.000 -8.000 -31.000 -31.000 -8.000 -40.305 -40.305 -8.000
3 16 -40.305 -40.305 -8.000 -49.000 -6.000 -8.000 -37.000 -6.000 -8.000
3 16 -57.000 0.000 -8.000 -49.000 -6.000 -8.000 -40.305 -40.305 -8.000
1 16 0.0000 0.0000 0.0000 1.0000 0.0000 0.0000 0.0000 1.0000 0.0000 0.0000 0.0000 1.0000 s/42529s01.dat
1 16 0.0000 0.0000 0.0000 -1.0000 0.0000 0.0000 0.0000 1.0000 0.0000 0.0000 0.0000 1.0000 s/42529s01.dat
1 16 0.0000 0.0000 0.0000 0.9010 -0.4339 0.0000 0.4339 0.9010 0.0000 0.0000 0.0000 1.0000 s/42529s01.dat
1 16 0.0000 0.0000 0.0000 -0.9010 -0.4339 0.0000 -0.4339 0.9010 0.0000 0.0000 0.0000 1.0000 s/42529s01.dat
1 16 0.0000 0.0000 0.0000 0.6235 -0.7818 0.0000 0.7818 0.6235 0.0000 0.0000 0.0000 1.0000 s/42529s01.dat
1 16 0.0000 0.0000 0.0000 -0.6235 -0.7818 0.0000 -0.7818 0.6235 0.0000 0.0000 0.0000 1.0000 s/42529s01.dat
1 16 0.0000 0.0000 0.0000 0.2225 -0.9749 0.0000 0.9749 0.2225 0.0000 0.0000 0.0000 1.0000 s/42529s01.dat
1 16 0.0000 0.0000 0.0000 -0.2225 -0.9749 0.0000 -0.9749 0.2225 0.0000 0.0000 0.0000 1.0000 s/42529s01.dat
1 16 0.0000 0.0000 0.0000 -0.2225 -0.9749 0.0000 0.9749 -0.2225 0.0000 0.0000 0.0000 1.0000 s/42529s01.dat
1 16 0.0000 0.0000 0.0000 0.2225 -0.9749 0.0000 -0.9749 -0.2225 0.0000 0.0000 0.0000 1.0000 s/42529s01.dat
1 16 0.0000 0.0000 0.0000 -0.6235 -0.7818 0.0000 0.7818 -0.6235 0.0000 0.0000 0.0000 1.0000 s/42529s01.dat
1 16 0.0000 0.0000 0.0000 0.6235 -0.7818 0.0000 -0.7818 -0.6235 0.0000 0.0000 0.0000 1.0000 s/42529s01.dat
1 16 0.0000 0.0000 0.0000 -0.9010 -0.4339 0.0000 0.4339 -0.9010 0.0000 0.0000 0.0000 1.0000 s/42529s01.dat
1 16 0.0000 0.0000 0.0000 0.9010 -0.4339 0.0000 -0.4339 -0.9010 0.0000 0.0000 0.0000 1.0000 s/42529s01.dat
1 16 0.0000 0.0000 0.0000 -1.0000 0.0000 0.0000 0.0000 -1.0000 0.0000 0.0000 0.0000 1.0000 s/42529s01.dat
1 16 0.0000 0.0000 0.0000 1.0000 0.0000 0.0000 0.0000 -1.0000 0.0000 0.0000 0.0000 1.0000 s/42529s01.dat
1 16 0.0000 0.0000 0.0000 -0.9010 0.4339 0.0000 -0.4339 -0.9010 0.0000 0.0000 0.0000 1.0000 s/42529s01.dat
1 16 0.0000 0.0000 0.0000 0.9010 0.4339 0.0000 0.4339 -0.9010 0.0000 0.0000 0.0000 1.0000 s/42529s01.dat
1 16 0.0000 0.0000 0.0000 -0.6235 0.7818 0.0000 -0.7818 -0.6235 0.0000 0.0000 0.0000 1.0000 s/42529s01.dat
1 16 0.0000 0.0000 0.0000 0.6235 0.7818 0.0000 0.7818 -0.6235 0.0000 0.0000 0.0000 1.0000 s/42529s01.dat
1 16 0.0000 0.0000 0.0000 -0.2225 0.9749 0.0000 -0.9749 -0.2225 0.0000 0.0000 0.0000 1.0000 s/42529s01.dat
1 16 0.0000 0.0000 0.0000 0.2225 0.9749 0.0000 0.9749 -0.2225 0.0000 0.0000 0.0000 1.0000 s/42529s01.dat
1 16 0.0000 0.0000 0.0000 0.2225 0.9749 0.0000 -0.9749 0.2225 0.0000 0.0000 0.0000 1.0000 s/42529s01.dat
1 16 0.0000 0.0000 0.0000 -0.2225 0.9749 0.0000 0.9749 0.2225 0.0000 0.0000 0.0000 1.0000 s/42529s01.dat
1 16 0.0000 0.0000 0.0000 0.6235 0.7818 0.0000 -0.7818 0.6235 0.0000 0.0000 0.0000 1.0000 s/42529s01.dat
1 16 0.0000 0.0000 0.0000 -0.6235 0.7818 0.0000 0.7818 0.6235 0.0000 0.0000 0.0000 1.0000 s/42529s01.dat
1 16 0.0000 0.0000 0.0000 0.9010 0.4339 0.0000 -0.4339 0.9010 0.0000 0.0000 0.0000 1.0000 s/42529s01.dat
1 16 0.0000 0.0000 0.0000 -0.9010 0.4339 0.0000 0.4339 0.9010 0.0000 0.0000 0.0000 1.0000 s/42529s01.dat
1 16 0.0000 0.0000 -10.0000 1.0000 0.0000 0.0000 0.0000 0.0000 -1.0000 0.0000 20.0000 0.0000 axl3hole.dat
1 16 0.0000 0.0000 -10.0000 3.0000 0.0000 0.0000 0.0000 0.0000 3.0000 0.0000 20.0000 0.0000 4-4ring2.dat
1 16 0.0000 0.0000 -10.0000 9.0000 0.0000 0.0000 0.0000 0.0000 9.0000 0.0000 2.0000 0.0000 4-4cylo.dat
1 16 0.0000 0.0000 10.0000 3.0000 0.0000 0.0000 0.0000 0.0000 3.0000 0.0000 -2.0000 0.0000 4-4ring2.dat
1 16 0.0000 0.0000 -10.0000 31.0000 0.0000 0.0000 0.0000 0.0000 31.0000 0.0000 2.0000 0.0000 4-4cylo.dat
1 16 0.0000 0.0000 -8.0000 31.0000 0.0000 0.0000 0.0000 0.0000 31.0000 0.0000 2.0000 0.0000 4-4ndis.dat
1 16 0.0000 0.0000 -8.0000 -40.3051 0.0000 40.3051 -40.3051 0.0000 -40.3051 0.0000 2.0000 0.0000 1-4chrd.dat
0 BFC INVERTNEXT
1 16 43.0000 0.0000 -8.0000 6.0000 0.0000 0.0000 0.0000 0.0000 6.0000 0.0000 1.0000 0.0000 4-4cylo.dat
1 16 43.0000 0.0000 -8.0000 6.0000 0.0000 0.0000 0.0000 0.0000 6.0000 0.0000 1.0000 0.0000 4-4ndis.dat
0 BFC INVERTNEXT
1 16 43.0000 0.0000 -7.0000 6.0000 0.0000 0.0000 0.0000 0.0000 6.0000 0.0000 1.0000 0.0000 4-4con0.dat
1 16 0.0000 0.0000 -8.0000 57.0000 0.0000 0.0000 0.0000 0.0000 57.0000 0.0000 2.0000 0.0000 1-8chrd.dat
1 16 0.0000 0.0000 -8.0000 57.0000 0.0000 0.0000 0.0000 0.0000 -57.0000 0.0000 2.0000 0.0000 1-8chrd.dat
1 16 0.0000 0.0000 -10.0000 -31.0000 0.0000 0.0000 0.0000 0.0000 -31.0000 0.0000 2.0000 0.0000 4-4cylo.dat
1 16 0.0000 0.0000 -8.0000 40.3051 0.0000 -40.3051 40.3051 0.0000 40.3051 0.0000 2.0000 0.0000 1-4chrd.dat
0 BFC INVERTNEXT
1 16 -43.0000 0.0000 -8.0000 -6.0000 0.0000 0.0000 0.0000 0.0000 -6.0000 0.0000 1.0000 0.0000 4-4cylo.dat
1 16 -43.0000 0.0000 -8.0000 -6.0000 0.0000 0.0000 0.0000 0.0000 -6.0000 0.0000 1.0000 0.0000 4-4ndis.dat
0 BFC INVERTNEXT
1 16 -43.0000 0.0000 -7.0000 -6.0000 0.0000 0.0000 0.0000 0.0000 -6.0000 0.0000 1.0000 0.0000 4-4con0.dat
1 16 0.0000 0.0000 -8.0000 -57.0000 0.0000 0.0000 0.0000 0.0000 -57.0000 0.0000 2.0000 0.0000 1-8chrd.dat
1 16 0.0000 0.0000 -8.0000 -57.0000 0.0000 0.0000 0.0000 0.0000 57.0000 0.0000 2.0000 0.0000 1-8chrd.dat
1 16 0.0000 0.0000 0.0000 1.0000 0.0000 0.0000 0.0000 1.0000 0.0000 0.0000 0.0000 1.0000 s/42529s02.dat
1 16 0.0000 0.0000 0.0000 0.5000 -0.8660 0.0000 0.8660 0.5000 0.0000 0.0000 0.0000 1.0000 s/42529s02.dat
1 16 0.0000 0.0000 0.0000 -0.5000 -0.8660 0.0000 0.8660 -0.5000 0.0000 0.0000 0.0000 1.0000 s/42529s02.dat
1 16 0.0000 0.0000 0.0000 -1.0000 0.0000 0.0000 0.0000 -1.0000 0.0000 0.0000 0.0000 1.0000 s/42529s02.dat
1 16 0.0000 0.0000 0.0000 -0.5000 0.8660 0.0000 -0.8660 -0.5000 0.0000 0.0000 0.0000 1.0000 s/42529s02.dat
1 16 0.0000 0.0000 0.0000 0.5000 0.8660 0.0000 -0.8660 0.5000 0.0000 0.0000 0.0000 1.0000 s/42529s02.dat
1 16 0.0000 0.0000 0.0000 1.0000 0.0000 0.0000 0.0000 1.0000 0.0000 0.0000 0.0000 1.0000 s/42529s03.dat
1 16 0.0000 0.0000 0.0000 1.0000 0.0000 0.0000 0.0000 -1.0000 0.0000 0.0000 0.0000 1.0000 s/42529s03.dat
1 16 0.0000 0.0000 0.0000 -1.0000 0.0000 0.0000 0.0000 1.0000 0.0000 0.0000 0.0000 1.0000 s/42529s03.dat
1 16 0.0000 0.0000 0.0000 -1.0000 0.0000 0.0000 0.0000 -1.0000 0.0000 0.0000 0.0000 1.0000 s/42529s03.dat
0 PE_CONN 0 2 1.000000 0.000000 0.000000 0.000000 0.000000 -1.000000 0.000000 1.000000 0.000000 10.000000 -17.700000 -10.000000 0 0 0.8 0 0
0 PE_CONN 0 2 1.000000 0.000000 0.000000 0.000000 0.000000 -1.000000 0.000000 1.000000 0.000000 -10.000000 -17.700000 -10.000000 0 0 0.8 0 0
0 PE_CONN 0 2 1.000000 0.000000 0.000000 0.000000 0.000000 -1.000000 0.000000 1.000000 0.000000 20.000000 -0.400002 -10.000000 0 0 0.8 0 0
0 PE_CONN 0 2 1.000000 0.000000 0.000000 0.000000 0.000000 -1.000000 0.000000 1.000000 0.000000 -20.000000 -0.400002 -10.000000 0 0 0.8 0 0
0 PE_CONN 0 6 1.000000 0.000000 0.000000 0.000000 0.000000 1.000000 0.000000 -1.000000 0.000000 0.000000 -0.400002 10.000000 0 0 0.8 0 0
0 PE_CONN 0 2 1.000000 0.000000 0.000000 0.000000 0.000000 -1.000000 0.000000 1.000000 0.000000 10.000000 17.000000 -10.000000 0 0 0.8 0 0
0 PE_CONN 0 2 1.000000 0.000000 0.000000 0.000000 0.000000 -1.000000 0.000000 1.000000 0.000000 -10.000000 17.000000 -10.000000 0 0 0.8 0 0
0 PE_CONN 2 2 -1.000000 0.000000 0.000000 0.000000 0.000001 -1.000000 0.000000 -0.999999 0.000000 30.000000 -10.400020 -10.000020 2 2 0:1,0:2,0:1,0:2,10:4,0:2,0:1,0:2,0:1
0 PE_CONN 2 2 -1.000000 0.000000 0.000000 0.000000 0.000001 -1.000000 0.000000 -0.999999 0.000000 -9.999998 -10.400020 -10.000010 2 2 0:1,0:2,0:1,0:2,10:4,0:2,0:1,0:2,0:1
0 PE_CONN 2 2 -1.000000 0.000000 0.000000 0.000000 0.000001 -1.000000 0.000000 -0.999999 -0.000001 20.000000 -27.700000 -10.000020 2 4 0:1,0:2,0:1,0:2,0:1,0:2,10:4,0:2,10:4,0:2,0:1,0:2,0:1,0:2,0:1
0 PE_CONN 2 0 -1.000000 0.000000 0.000000 0.000000 0.000001 -1.000000 0.000000 -0.999999 0.000000 19.999960 7.000008 -10.000010 2 4 0:1,0:2,0:1,0:2,0:1,0:2,10:4,0:2,10:4,0:2,0:1,0:2,0:1,0:2,0:1
0 PE_CONN 2 2 1.000000 0.000000 0.000000 0.000000 0.000000 1.000000 0.000000 -1.000000 0.000000 -30.000000 -10.399990 10.000000 2 2 0:1,0:2,0:1,0:2,10:4,0:2,0:1,0:2,0:1
0 PE_CONN 2 2 1.000000 0.000000 0.000000 0.000000 0.000000 1.000000 0.000000 -1.000000 0.000000 10.000000 -10.400000 10.000000 2 2 0:1,0:2,0:1,0:2,10:4,0:2,0:1,0:2,0:1
0 PE_CONN 2 2 1.000000 0.000000 0.000000 0.000000 0.000001 1.000000 0.000000 -0.999999 0.000001 -19.999970 -27.700100 10.000000 2 4 0:1,0:2,0:1,0:2,0:1,0:2,10:4,0:2,10:4,0:2,0:1,0:2,0:1,0:2,0:1
0 PE_CONN 2 1 1.000000 0.000000 0.000000 0.000000 0.000000 1.000000 0.000000 -1.000000 0.000000 -20.000000 6.999992 10.000000 2 4 0:1,0:2,0:1,0:2,0:1,0:2,10:4,0:2,10:4,0:2,0:1,0:2,0:1,0:2,0:1
0 NOFILE
